11 2.5454545454545454 0.5801629347036114
13 2.4615384615384617 0.5397280118812487
16 2.75 0.46351240544347894
21 3.0476190476190474 0.37177145636134595
26 3.076923076923077 0.330514557248969
33 3.1515151515151514 0.2846589057116263
41 3.024390243902439 0.26826564138234427
52 3.0 0.2401922307076307
66 2.9696969696969697 0.2153111837853252
83 2.9879518072289155 0.19087469006746505
105 2.9714285714285715 0.17061029195249805
133 2.9473684210526314 0.1527318421284235
168 2.9047619047619047 0.137611554221683
213 3.023474178403756 0.11773489369404931
269 3.1226765799256504 0.10091767223014557
340 3.1882352941176473 0.08724706106314595
430 3.1627906976744184 0.07847259621516586
543 3.14548802946593 0.07035633029395023
687 3.1149927219796214 0.06334663803328516
869 3.111622554660529 0.05640041883776039
1099 3.1337579617834397 0.04969967021394184
1390 3.125179856115108 0.044349578371405386
1758 3.098976109215017 0.03985362517911395
2223 3.096716149347728 0.03547260566237817
2812 3.112375533428165 0.031343895482341816
3557 3.1385999437728422 0.02756947503862036
4499 3.1242498332962882 0.0246606770265028
5690 3.1318101933216167 0.021859937942970573
7197 3.1324162845630124 0.019432097508222237
9103 3.127760079094804 0.017311807911887255
11514 3.1290602744484977 0.015384659971340201
14564 3.135127712166987 0.013644677463727791
18421 3.134466098474567 0.012135766976017166
23300 3.1369957081545063 0.010779173926716899
29471 3.138271521156391 0.00957928390134569
37276 3.133276102586114 0.008535423361570368
47149 3.1334704871789434 0.0075887149615419865
59637 3.1387896775491724 0.006732522708491023
75432 3.1359104889171703 0.00599353967033068
95410 3.136694266848339 0.005327475481690064
120680 3.14096784885648 0.0047284500322294296
152642 3.1387953512139517 0.004208212472538298
193070 3.1394002175376805 0.0037408178319550426
244206 3.1417737483927506 0.003322845782397657
308885 3.140133059229163 0.0029565909432169627
390694 3.141711928005037 0.0026271286952045977
494172 3.1429947467683315 0.002334664622131654
625056 3.142208058157989 0.002076581525177352
790605 3.1424643153028375 0.0018462117036397517
